avg_pos_scores: 
28.908749999999998
8.97
13.102857142857143
13.102857142857143
20.04375
15.674999999999999
12.69
12.69
24.566000000000003
24.875
24.875
24.875
24.2275
24.2275
20.049999999999997
35.91625
10.152000000000001
19.46166666666667
19.46166666666667
19.87333333333333
19.87333333333333
3.9283333333333332
22.74
13.531666666666666
13.531666666666666
6.414
7.8914285714285715
24.18
24.18
21.438571428571432
21.438571428571432
18.580000000000002
0.8640000000000001
6.25375
6.012499999999999
17.143333333333334
17.143333333333334
5.351666666666667
19.565714285714286
10.69875
10.69875
16.77
19.691666666666666
26.78
26.78
26.498749999999998
25.862500000000004
25.862500000000004
26.98857142857143
26.98857142857143
5.62375
5.62375
12.983333333333334
2.765
28.353333333333335
12.034999999999998
12.034999999999998
4.11375
23.032499999999995
23.032499999999995
23.032499999999995
23.032499999999995
14.151666666666666
32.24333333333333
32.24333333333333
23.2825
14.3625
14.3625
1.005
1.005
11.403333333333334
11.403333333333334
7.655
7.655
19.255
19.255
15.151999999999997
8.793333333333335
20.3625
20.3625
12.4775
17.19
6.328571428571428
6.328571428571428
27.72142857142857
23.778333333333332
35.315
19.395
19.395
11.03
21.285
16.71857142857143
27.81
4.8925
2.735
2.735
22.573749999999997
1.74
1.74
18.285
9.995999999999999
9.995999999999999
20.87
11.845
26.04625
28.908749999999998
21.275
24.96125
21.27375
12.218571428571428
20.802
8.688571428571429
13.5
27.25
5.9
22.88
15.04
11.57
38.07
34.07
34.07
22.63
26.78
12.73
17.86
8.73
19.24
24.57
20.28
15.47
20.28
15.04
29.28
21.89
5.03
28.0
26.63
19.72
26.24
4.79
8.02
7.6
30.07
28.0
0.09
18.46
26.17
28.06
6.86
2.93
10.0
10.0
34.07
20.98
12.78
1.69
10.37
23.34
21.05
6.61
19.691666666666666
25.693749999999998
23.032499999999995
23.2825
23.606250000000003
5.03
24.566000000000003
24.566000000000003
18.091250000000002
0.0
avg_neg_scores: 
3.80375
2.404
8.918333333333333
6.536666666666666
0.4716666666666667
3.924285714285715
3.69
1.41
0.5075000000000001
0.475
3.0
3.25
18.63
3.29
4.201666666666665
3.14
3.77
1.02
21.95
1.92
3.09
4.68
0.08
0.9666666666666667
1.435
2.565714285714286
3.1457142857142855
0.965
15.854000000000003
1.9566666666666668
1.92
4.47875
2.83
0.57
2.2
3.9350000000000005
1.52
1.1
7.08
7.49
1.36
0.745
5.3566666666666665
0.62
1.7957142857142858
8.26
4.095
2.08
1.09
5.616666666666666
2.99
1.4000000000000001
3.99
7.38
6.12
14.78
2.162857142857143
1.15
4.616666666666666
2.08
0.7780000000000001
4.51625
3.655
1.28125
4.12125
12.666666666666666
0.3125
3.9612500000000006
3.3474999999999997
0.72625
0.036
0.26285714285714284
2.09125
12.39625
1.28625
0.06
2.57
1.17875
1.24
2.94
6.91
2.37
2.41
1.45
3.685714285714286
10.53375
2.83125
1.8650000000000002
4.3100000000000005
0.39
3.76
3.4766666666666666
0.19
6.395
0.5125
2.2875
1.725
4.4383333333333335
0.7275
0.3525
0.595
1.50625
1.348
4.8500000000000005
3.5114285714285716
5.428749999999999
1.73125
3.0774999999999997
0.45
1.495
3.4219999999999997
0.9299999999999999
3.4487499999999995
0.10833333333333334
3.81625
8.673333333333334
1.94625
1.7257142857142855
0.565
1.705
2.31
1.6583333333333332
0.63875
0.1875
8.997499999999999
1.36125
1.4274999999999998
1.2175
4.61
0.54
4.8149999999999995
7.37
2.4512500000000004
3.55
0.24
0.30500000000000005
9.97
7.02
0.62
0.665
3.56
3.0199999999999996
2.51125
0.79625
6.197500000000001
4.1125
1.5287500000000003
1.04125
0.882
2.17
5.776666666666666
0.08
2.48
0.79625
1.5924999999999998
4.338333333333333
0.02666666666666667
1.26
2.8924999999999996
0.09999999999999999
0.15857142857142859
0.055714285714285716
2.731666666666667
4.00375
0.22200000000000003
2.7025
4.325
0.3025
2.86
9.52
0.68
0.57
3.55
7.49
1.0875000000000001
0.5125
2.24625
6.803750000000001
1.02
4.88
0.5075000000000001
0.625
1.4866666666666666
0.8133333333333334
1.9783333333333335
3.2120000000000006
0.6974999999999999
0.1357142857142857
3.096666666666667
2.8428571428571425
2.8619999999999997
0.71
2.3000000000000003
0.18
0.5757142857142857
1.9525000000000001
3.42875
1.80375
2.0500000000000003
0.77
3.966
1.0575
0.05625
1.8133333333333335
0.7966666666666667
3.283333333333333
12.531249999999998
1.11625
0.49124999999999996
5.0825
2.0733333333333337
2.0
2.60375
0.495
2.9639999999999995
0.296
11.1
3.582
4.83
1.34
3.9240000000000004
6.03
3.817142857142858
11.53875
1.424
3.25
0.8800000000000001
1.8225
1.2975
0.415
3.0875000000000004
0.4066666666666667
4.38
1.7275
1.265
0.15
5.4879999999999995
3.5475
2.4325
6.27
2.0
0.6
9.0
1.01
4.48
1.5333333333333332
0.535
6.288333333333334
2.2328571428571427
1.0014285714285713
2.39125
0.11666666666666665
0.31875
1.225
3.854999999999999
7.61
3.7987499999999996
4.25625
0.47
1.3
1.1275
0.25625
4.50125
0.7137500000000001
4.0616666666666665
0.8400000000000001
3.0
3.095
0.125
20.881999999999998
1.318
1.108
2.7860000000000005
0.6559999999999999
2.13
1.50375
4.772500000000001
7.07625
2.5285714285714285
1.84375
3.8749999999999996
2.0549999999999997
0.8075
1.5666666666666664
3.4075
4.306666666666667
4.22875
0.8983333333333333
1.64
5.491666666666667
2.3137499999999998
2.7675
5.0625
2.68375
8.732857142857142
0.2075
3.141666666666666
0.142
1.7342857142857144
4.35375
2.435
0.83375
0.80875
1.5325
0.81
0.91
0.7942857142857144
1.385
0.5712499999999999
15.5375
5.0125
0.19000000000000003
0.52125
1.13375
0.3275
0.5599999999999999
2.632
3.4
0.62
3.35625
0.8914285714285715
0.26833333333333337
1.256
2.1975
1.72625
6.87
4.09
2.7239999999999998
2.68
0.6185714285714285
1.13
2.6737499999999996
2.012857142857143
0.72125
7.11625
1.405
2.396
1.3599999999999999
0.13375
1.8900000000000003
4.16
3.8575
1.64
3.08
3.47
1.8099999999999998
1.0425
2.1475
1.355
0.62
0.885
2.31
0.8
6.15
1.682
0.6679999999999999
2.922
0.24375
1.8737499999999998
2.67
2.846666666666667
5.103999999999999
3.43
3.4
1.5
2.46
0.10400000000000001
1.0514285714285716
2.3628571428571425
1.205714285714286
2.388
1.03
5.5200000000000005
2.145
0.32625000000000004
0.70125
1.8157142857142856
0.3225
4.656666666666667
1.4749999999999999
0.06875
0.6425
3.376
0.238
3.325
4.01
1.7525
14.047999999999998
1.055
19.801666666666666
0.6866666666666666
0.22666666666666668
7.105
0.9
19.25
2.06
13.9
1.39
1.605
0.8162500000000001
5.766666666666666
1.0966666666666667
7.291666666666668
0.08875
4.680000000000001
3.8375000000000004
3.0062499999999996
4.032857142857142
6.22
0.11624999999999999
0.5171428571428571
2.6712500000000006
3.5375
1.6687500000000002
0.03571428571428571
2.3400000000000003
2.1916666666666664
1.33
0.12375
3.3537500000000007
6.875
0.13875
2.022
2.6860000000000004
1.936
4.359999999999999
1.9425
0.60375
0.5337500000000001
1.1440000000000001
0.955
0.06
1.2300000000000002
9.52375
2.2399999999999998
1.3014285714285714
7.106249999999999
6.82
1.6824999999999999
1.04
0.1025
0.12875
7.155
3.5566666666666666
0.9866666666666667
0.9533333333333335
2.2787499999999996
0.6625
1.89375
0.98125
0.75625
4.373333333333332
0.59875
0.28
0.23666666666666666
3.9625
0.00125
11.44875
4.74
1.9766666666666666
0.875
3.03
3.35
10.425
20.3
2.5125
2.35875
0.59
0.35125
7.47
0.88625
5.394
0.4
5.842499999999999
1.16
4.4350000000000005
1.49625
2.17
0.455
1.2999999999999998
0.5714285714285714
0.15666666666666665
2.1166666666666667
1.03
1.2542857142857144
3.0200000000000005
0.5
0.09
1.7440000000000002
1.356
2.4450000000000003
2.54
3.4825000000000004
2.8250000000000006
25.19666666666667
2.4125
3.96875
0.39999999999999997
8.95625
2.9133333333333336
0.49749999999999994
2.586
0.2557142857142857
3.51
1.9737500000000001
0.06375
0.0075
2.7575
0.48
6.14
0.506
1.6760000000000002
1.4780000000000002
4.6587499999999995
2.10125
0.07125
0.90125
3.5999999999999996
6.41
9.839999999999998
8.0675
0.6625
0.7275
1.4916666666666665
1.6600000000000001
11.67
6.776666666666666
0.32
1.2
0.56
2.915
7.47
0.62
0.70625
0.12
17.740000000000002
0.7216666666666667
0.11833333333333333
3.2112500000000006
1.30125
4.62375
0.885
3.5175
0.9242857142857143
1.1116666666666666
2.27375
0.1
6.220000000000001
0.23125
5.2075000000000005
0.14
10.411249999999999
12.280000000000001
4.071666666666666
4.5525
2.4266666666666667
3.03
2.453333333333333
1.3800000000000003
3.114
0.7625000000000001
1.2766666666666666
2.522
1.13
0.40625
1.4500000000000002
1.9700000000000002
2.0325
0.6214285714285713
0.055
8.155
0.4375
4.285
1.492
2.414
0.392
1.112
1.7262499999999998
1.72125
1.6675000000000002
1.8075
3.91
1.8933333333333333
1.505
0.91625
1.65875
1.425
4.845000000000001
16.545
0.04
10.5
9.965
0.4633333333333333
3.1149999999999998
1.78
1.1642857142857141
6.436666666666667
3.0614285714285714
1.388333333333333
0.9650000000000001
0.9475
1.7799999999999998
0.21000000000000002
1.51375
1.8116666666666668
16.36625
0.185
2.5425000000000004
1.6228571428571428
0.55
1.2662499999999999
1.23
2.3375
1.4175
0.005
3.2157142857142857
2.39375
0.46625
0.0
3.7012500000000004
2.3287500000000003
5.47875
2.2812499999999996
3.1566666666666663
5.652857142857143
3.185
1.1075
3.325
4.78
2.36
4.54
2.0614285714285714
0.8657142857142858
3.142857142857143
4.366666666666666
0.9149999999999999
2.1825
2.32
0.48875
3.5937500000000004
1.8875
4.015
0.95
5.0112499999999995
5.87
5.21125
0.3433333333333333
3.69625
0.775
1.3957142857142857
0.10200000000000001
2.5439999999999996
2.2350000000000003
8.239999999999998
4.058571428571429
0.3257142857142857
2.2825
1.378
1.1500000000000001
0.5533333333333333
0.9775
0.1975
6.9385714285714295
0.235
0.514
0.5674999999999999
0.0125
0.035
7.5120000000000005
2.8314285714285714
2.2199999999999998
3.3374999999999995
0.35625
3.1100000000000003
0.5099999999999999
3.046666666666667
4.04875
1.1485714285714288
2.335
2.2016666666666667
0.7875
4.3950000000000005
3.56
2.32625
0.26875
0.15
4.27
3.4899999999999998
3.4899999999999998
9.1925
3.145
1.2375
0.22999999999999998
0.6975
1.8674999999999997
0.0525
2.93875
1.7066666666666668
4.6775
2.4425
0.5775
0.07625
0.60375
0.14166666666666666
1.1312499999999999
2.6175
1.445
1.6900000000000002
1.2514285714285713
0.18166666666666667
0.315
0.5525
1.6225
4.5225
0.23199999999999998
0.0275
1.8425000000000002
0.060000000000000005
1.79375
5.687500000000001
1.1062500000000002
1.634
0.3825
1.17875
3.6875000000000004
5.39375
11.303333333333333
2.045
1.93
0.7175
0.3925
0.16875
0.08
0.3425
0.58875
5.04375
0.8775
0.04875
0.36999999999999994
4.2125
4.716666666666668
1.0899999999999999
5.598749999999999
5.1659999999999995
2.45125
1.22625
0.4025
0.89
0.068
8.868571428571427
1.49125
5.890000000000001
0.48125
0.35125
1.16625
1.7766666666666666
1.4475
1.2699999999999998
4.44
4.304
4.47
3.5360000000000005
2.1766666666666663
0.94
2.6066666666666665
13.891666666666666
2.25
19.22
0.6828571428571427
6.125
18.401999999999997
0.049999999999999996
1.23
1.07625
1.875
0.7475
2.9714285714285715
1.9487499999999998
1.9533333333333331
2.335
4.738333333333333
0.96
1.6649999999999998
0.13999999999999999
2.8066666666666666
1.7516666666666667
0.46125000000000005
0.3125
4.52
1.0487499999999998
1.45375
1.3975000000000002
2.12125
2.186666666666666
2.5185714285714282
3.368
2.0883333333333334
1.6316666666666668
4.510000000000001
1.34125
1.91
2.1550000000000002
1.9324999999999999
1.87
2.0460000000000003
0.41
0.17625
0.6016666666666667
0.44000000000000006
4.165
4.48375
2.375
5.260000000000001
3.1700000000000004
2.5985714285714283
3.12
0.07
0.7966666666666667
0.34625000000000006
0.3825
0.71875
4.15125
6.008000000000001
3.4540000000000006
11.7
3.285
2.26
3.84
5.585
6.43
4.484999999999999
9.885000000000002
2.465
4.35
7.779999999999999
0.0071428571428571435
4.7
15.164285714285715
3.21375
0.3933333333333333
2.7649999999999992
0.548
0.8975
2.752
3.8475
0.485
1.83125
3.936666666666666
1.075
0.5974999999999999
0.99375
1.17875
10.19
0.17625
0.37875
3.546666666666667
2.4650000000000003
0.21999999999999997
3.0537499999999995
0.5283333333333333
1.7214285714285715
1.8316666666666668
0.47000000000000003
0.71125
5.1899999999999995
4.001666666666667
0.43625
2.665
1.0416666666666667
3.353333333333333
1.6766666666666667
4.41625
0.8733333333333334
13.983749999999999
1.7000000000000002
9.055
8.646666666666667
2.335
4.58
0.515
4.164
2.392857142857143
4.583333333333333
3.16125
3.3024999999999998
5.508000000000001
0.9
2.3033333333333332
1.0883333333333334
0.23750000000000002
6.876666666666666
1.8866666666666667
1.9157142857142857
0.40125
1.855
1.26
2.7287500000000002
0.555
1.3712499999999999
4.3225
0.5275
1.5966666666666667
0.3416666666666666
7.710000000000001
1.33125
1.50875
1.92625
0.7528571428571428
1.0862500000000002
0.66
14.347500000000002
2.9087499999999995
2.368333333333333
8.425
0.33285714285714285
0.4599999999999999
0.2675
0.10875
2.19
1.15
3.17
1.56125
2.726
0.625
1.43
2.93
3.3600000000000003
3.0287500000000005
0.785
0.27375
3.6149999999999998
0.11
0.7675
3.5799999999999996
4.1675
1.3900000000000001
3.84
6.005
1.3850000000000002
15.428333333333333
0.8187500000000001
0.25
0.4125
1.1225
1.1212499999999999
9.10142857142857
9.626
0.635
3.606666666666667
2.74
0.195
8.886666666666667
1.9525000000000001
0.245
1.63
2.08
1.4575
0.7875000000000001
1.815
5.72
0.055714285714285716
7.25
0.2575
11.305000000000001
0.18125
1.6462500000000002
2.7083333333333335
4.7212499999999995
0.835
5.175
2.118333333333333
11.288333333333334
2.29875
1.9342857142857144
0.6074999999999999
1.02
2.13875
1.605
1.752857142857143
0.235
0.13874999999999998
6.455
4.68
4.554285714285714
0.162
0.40375
5.46625
5.595
0.254
0.17875
3.2225
3.7687500000000003
0.2425
2.0787500000000003
0.8187500000000001
6.425999999999999
0.81
0.9025
3.4600000000000004
0.5275
1.2266666666666668
0.24
0.18875
1.7325
19.31625
2.98
0.6187499999999999
10.96
3.635
4.66
2.6333333333333333
0.63
3.808333333333333
2.2216666666666667
0.0033333333333333335
0.9616666666666666
1.284
0.4283333333333334
1.7360000000000002
0.0
0.0
0.0
0.0
0.0
0.0
0.0
0.0
0.0
0.0
0.0
0.0
0.0
0.0
0.0
0.0
0.0
0.0
0.0
0.0
0.0
0.0
0.0
0.0
0.0
0.0
0.0
0.0
0.0
0.0
0.0
0.0
0.0
0.0
0.0
0.0
0.0
0.0
0.0
0.0
0.0
0.0
0.0
0.0
0.0
0.0
0.0
0.0
0.0
0.0
0.0
0.0
0.0
0.0
0.0
0.0
0.0
0.0
0.0
0.0
0.0
0.0
0.0
0.0
0.0
0.0
0.0
0.0
0.0
0.0
0.0
0.0
0.0
0.0
0.0
0.0
0.0
0.0
0.0
0.0
0.0
0.0
0.0
0.0
0.0
0.0
0.0
0.0
0.0
0.0
0.0
0.0
0.0
0.0
0.0
0.0
0.0
0.0
0.0
0.0
0.0
0.0
0.0
0.0
0.0
0.0
0.0
0.0
0.0
0.0
0.0
0.0
0.0
0.0
0.0
0.0
0.0
0.0
0.0
0.0
0.0
0.0
0.0
0.0
0.0
0.0
0.0
0.0
0.0
0.0
0.0
0.0
0.0
0.0
0.0
0.0
0.0
0.0
0.0
0.0
0.0
0.0
0.0
0.0
0.0
0.0
0.0
0.0
0.0
0.0
0.0
0.0
0.0
0.0
0.0
0.0
0.0
0.0
0.0
0.0
0.0
0.0
0.0
0.0
0.0
0.0
0.0
0.0
0.0
0.0
0.0
0.0
0.0
0.0
0.0
0.0
0.0
0.0
0.0
0.0
0.0
0.0
0.0
0.0
0.0
0.0
0.0
0.0
0.0
0.0
0.0
0.0
0.0
0.0
0.0
0.0
0.0
0.0
0.0
0.0
0.0
0.0
0.0
0.0
0.0
0.0
0.0
0.0
0.0
0.0
0.0
0.0
0.0
0.0
0.0
0.0
0.0
0.0
0.0
0.0
0.0
0.0
0.0
0.0
0.0
0.0
0.0
0.0
0.0
0.0
0.0
0.0
