ini_pos_scores: 
27.39
2.21
15.94
15.94
20.98
18.0
14.65
14.65
24.28
22.54
22.54
22.54
23.58
23.58
28.04
38.07
10.8
23.1
23.1
24.11
24.11
4.18
22.54
17.99
17.99
6.05
10.31
22.57
22.57
23.94
23.94
18.84
0.17
7.27
7.27
18.17
18.17
5.21
20.81
12.73
12.73
26.17
19.72
25.61
25.61
25.22
26.09
26.09
26.39
26.39
7.54
7.54
14.92
3.04
27.81
14.66
14.66
3.04
24.29
24.29
24.29
24.29
15.2
34.09
34.09
21.25
15.59
15.59
13.48
13.48
10.0
10.0
29.52
29.52
14.84
9.65
13.3
13.3
12.75
20.06
8.57
8.57
27.92
23.29
34.43
25.44
25.44
10.17
21.11
20.06
27.81
6.14
2.21
2.21
22.88
1.74
1.74
16.76
2.48
2.48
28.06
14.09
25.47
27.39
20.95
25.56
21.76
12.32
20.18
12.22
13.5
16.76
4.79
22.88
6.65
8.04
38.07
27.39
25.11
22.63
24.41
12.73
14.35
4.67
19.24
24.37
20.28
15.47
20.28
6.65
28.24
21.89
3.96
20.95
22.14
19.72
17.01
4.77
4.86
1.66
25.44
20.95
14.52
23.23
28.06
2.64
1.34
10.0
10.0
25.11
20.98
10.31
1.69
9.95
23.34
21.05
3.22
19.72
24.6
24.29
21.25
19.21
3.96
24.28
24.28
19.7
0
0
0
0
ini_neg_scores: 
1.17
6.35
2.87
4.77
7.82
2.8
3.69
1.41
4.26
3.0
3.25
3.29
3.14
3.77
0.18
12.77
3.09
1.61
0.08
3.77
1.93
16.78
0.62
4.7
2.83
0.57
2.2
1.52
1.1
7.08
7.49
1.36
3.99
0.62
8.26
1.23
2.08
1.09
8.45
2.99
0.65
3.99
0.56
6.12
14.78
1.21
16.74
6.88
1.15
3.12
0.44
7.33
3.28
6.63
6.38
4.92
2.7
0.06
1.27
0.59
14.25
2.73
3.92
1.24
2.94
5.16
0.58
2.37
2.41
1.51
7.42
0.78
3.6
0.19
5.73
4.89
1.1
0.7
4.54
6.45
3.36
4.83
1.24
11.59
3.83
4.26
3.87
4.88
0.09
2.17
1.75
0.43
4.61
4.28
3.28
11.06
3.55
0.06
7.02
0.62
1.33
3.56
3.55
6.1
1.87
7.03
0.87
0.83
8.5
1.06
1.12
0.67
4.9
0.63
6.79
3.02
6.38
2.87
5.45
3.01
9.52
0.5
3.55
7.49
1.86
7.87
4.52
1.25
2.19
2.44
3.13
3.91
2.38
13.54
1.35
2.47
2.77
0.73
1.94
3.04
3.42
4.36
14.8
6.53
5.57
0.54
1.48
11.31
2.95
1.44
1.14
0.43
5.36
4.69
2.46
4.35
1.66
1.22
4.38
3.25
4.85
0.78
9.0
4.48
0.52
2.3
3.05
2.57
4.68
5.06
9.67
2.37
5.3
2.62
3.0
1.76
0.12
2.97
3.5
2.56
3.53
0.6
0.27
11.77
3.31
3.24
3.26
4.31
3.08
2.72
7.38
2.61
3.69
3.46
2.16
9.29
0.83
2.56
0.87
0.17
4.87
6.33
1.36
0.29
14.87
0.07
0.67
2.73
1.12
4.22
4.4
1.79
0.81
3.01
1.41
6.87
2.99
0.63
3.18
3.48
1.92
8.1
0.49
2.15
1.4
3.9
1.11
0.66
1.61
1.5
0.2
0.62
1.77
2.31
0.8
0.4
2.98
3.46
1.28
3.6
3.92
8.6
3.43
3.4
2.46
1.41
5.84
3.45
0.41
4.52
0.96
1.58
3.34
0.07
1.9
0.96
4.18
0.35
0.71
4.01
2.15
3.21
21.67
0.88
5.19
19.25
3.21
0.56
10.62
9.38
3.85
2.33
3.73
2.93
2.64
2.63
0.91
2.64
9.15
0.2
4.92
0.13
2.11
2.49
1.0
1.84
14.12
6.82
1.94
6.52
0.79
0.81
3.74
3.7
0.98
2.25
0.1
0.08
2.58
0.01
17.16
0.91
1.75
5.84
1.75
2.55
4.4
20.3
2.04
7.47
0.83
0.04
2.92
1.16
7.72
7.03
0.18
1.06
6.35
3.07
2.49
1.28
0.65
4.28
2.75
4.26
3.51
4.91
3.31
0.01
0.53
4.0
6.14
6.01
0.51
6.41
4.6
1.69
7.45
11.67
1.02
1.79
9.86
4.12
7.47
0.12
3.14
1.52
1.77
0.46
2.93
4.1
9.22
5.07
0.37
6.04
12.83
10.6
0.62
7.27
1.66
0.13
1.43
0.85
0.7
0.2
0.83
0.25
3.43
10.2
3.34
1.66
3.01
0.49
1.85
1.85
0.33
6.19
1.88
0.92
0.37
0.47
3.16
21.18
1.93
10.65
3.64
2.05
3.74
1.69
0.29
0.66
3.53
21.37
0.37
1.37
0.55
0.59
0.55
1.86
1.7
0.65
1.32
2.35
6.4
2.32
4.33
2.67
7.78
4.31
4.02
4.78
0.23
2.84
0.4
0.27
3.47
2.73
3.21
4.11
7.22
5.87
3.67
0.11
1.48
0.34
4.12
0.02
2.48
1.3
1.56
11.13
0.47
6.78
1.35
2.07
1.5
0.9
0.32
2.96
5.53
0.98
3.24
2.57
5.86
4.27
1.24
0.57
0.17
3.97
4.04
11.14
3.38
1.36
1.33
4.77
2.63
4.12
1.82
1.57
5.68
0.08
4.67
2.7
0.32
5.98
3.53
8.44
2.99
1.91
0.92
9.24
0.83
3.45
7.69
1.84
1.66
4.61
4.93
1.74
1.33
1.38
0.69
0.03
1.43
4.4
2.57
0.71
4.46
23.16
2.73
24.6
0.94
1.25
18.72
2.32
3.08
2.79
3.27
3.39
5.73
1.87
3.31
3.05
1.04
4.2
0.47
0.46
0.52
4.34
5.54
2.21
1.87
2.58
0.41
4.08
5.5
5.67
5.53
4.16
0.06
6.4
3.72
9.6
2.43
4.02
2.26
3.84
6.73
4.93
8.38
0.03
7.77
16.6
1.85
2.59
0.36
3.09
1.71
20.56
4.26
5.35
3.48
1.34
10.19
0.23
5.37
2.3
1.72
5.98
6.18
1.81
4.02
3.0
1.78
1.68
2.12
9.34
2.55
3.26
2.84
1.83
1.71
3.47
4.93
5.87
1.16
0.99
0.08
0.6
5.33
1.8
0.74
5.54
1.98
3.84
1.77
16.28
0.85
3.11
16.23
2.63
1.14
9.65
0.11
1.77
3.07
1.21
0.22
2.93
1.45
2.8
0.21
2.67
6.77
3.99
1.3
0.03
17.23
0.24
10.77
4.42
10.82
2.74
1.17
7.21
1.63
1.55
0.86
5.72
4.03
13.04
0.44
2.69
3.3
1.06
3.09
1.11
1.87
1.22
6.24
7.02
4.63
3.7
5.55
4.48
4.78
2.12
1.53
13.55
1.83
25.6
2.98
10.96
2.32
4.66
0.11
2.14
5.18
1.21
0.56
0
0
0
0
0
0
0
0
0
0
0
0
0
0
0
0
0
0
0
0
0
0
0
0
0
0
0
0
0
0
0
0
0
0
0
0
0
0
0
0
0
0
0
0
0
0
0
0
0
0
0
0
0
0
0
0
0
0
0
0
0
0
0
0
0
0
0
0
0
0
0
0
0
0
0
0
0
0
0
0
0
0
0
0
0
0
0
0
0
0
0
0
0
0
0
0
0
0
0
0
0
0
0
0
0
0
0
0
0
0
0
0
0
0
0
0
0
0
0
0
0
0
0
0
0
0
0
0
0
0
0
0
0
0
0
0
0
0
0
0
0
0
0
0
0
0
0
0
0
0
0
0
0
0
0
0
0
0
0
0
0
0
0
0
0
0
0
0
0
0
0
0
0
0
0
0
0
0
0
0
0
0
0
0
0
0
0
0
0
0
0
0
0
0
0
0
0
0
0
0
0
0
0
0
0
0
0
0
0
0
0
0
0
0
0
0
0
0
0
0
0
0
0
0
0
0
0
0
0
0
0
0
0
0
0
0
0
0
0
0
0
0
0
0
0
0
0
0
0
0
0
0
0
0
0
0
0
0
0
0
0
0
0
0
0
0
0
0
0
0
0
0
0
0
0
0
0
0
0
0
0
0
0
0
0
0
0
0
0
0
0
0
0
0
0
0
0
0
0
0
0
0
0
0
0
0
0
0
0
0
0
0
0
0
0
0
0
0
0
0
0
0
0
0
0
0
0
0
0
0
0
0
0
0
0
0
0
0
0
0
0
0
0
0
0
0
0
0
0
0
0
0
0
0
0
0
0
0
0
0
0
0
0
0
0
0
0
0
0
0
0
0
0
0
0
0
0
0
0
0
0
0
0
0
0
0
0
0
0
0
0
0
0
0
0
0
0
0
0
0
0
0
0
0
0
0
0
0
0
0
0
0
0
0
0
0
0
0
0
0
0
0
0
0
0
0
0
0
0
0
0
0
0
0
0
0
0
0
0
0
0
0
0
0
0
0
0
0
0
0
0
0
0
0
0
0
0
0
0
0
0
0
0
0
0
0
0
0
0
0
0
0
0
0
0
0
0
0
0
0
0
0
0
0
0
0
0
0
0
0
0
0
0
0
0
0
0
0
0
0
0
0
0
0
0
0
0
0
0
0
0
0
0
0
0
0
0
0
0
0
0
0
0
0
0
0
0
0
0
0
0
0
0
0
0
0
0
0
0
0
0
0
0
0
0
0
0
0
0
0
0
0
0
0
0
0
0
0
0
0
0
0
0
0
0
0
0
0
0
0
0
0
0
0
0
0
0
0
0
0
0
0
0
0
0
0
0
0
0
0
0
0
0
0
0
0
0
0
0
0
0
0
0
0
0
0
0
0
0
0
