avg_pos_scores: 
27.933333333333334
18.487142857142857
26.180000000000003
28.735
21.91
22.926666666666666
18.673333333333336
23.56
16.69
26.593333333333334
17.11
27.772
24.089999999999996
17.37333333333333
25.036
19.942
26.020000000000003
19.676
20.725
20.97666666666667
30.316666666666666
22.150000000000002
13.89
18.78333333333333
27.25
13.866
25.62
26.886666666666667
28.24
25.723333333333333
26.892000000000003
33.38333333333333
23.955
20.623333333333335
29.669999999999998
15.49
24.69333333333333
29.684000000000005
24.66
25.24
26.0625
10.493333333333332
14.180000000000001
29.684000000000005
23.298000000000002
15.61
22.724999999999998
14.473333333333334
16.36
19.63
23.003333333333334
4.672
23.673333333333332
16.944
27.11
26.01666666666667
25.540000000000003
31.973333333333333
33.38333333333333
11.08
11.135
23.689999999999998
17.64333333333333
22.709999999999997
0.016
17.221999999999998
21.833333333333332
25.96
18.75
22.496666666666666
16.553333333333335
12.482
23.77
5.27
22.997
24.91333333333333
14.614
19.802500000000002
28.401999999999997
17.38
29.744999999999997
31.346666666666668
36.07
22.753333333333334
22.915
22.915
25.31
29.186666666666667
29.46666666666667
22.793333333333333
27.016000000000002
4.096666666666667
24.44333333333333
33.56666666666667
14.889999999999997
15.37
22.06
28.996666666666666
28.996666666666666
15.465000000000002
30.153333333333336
24.653333333333336
20.236666666666665
28.756666666666664
20.246666666666666
27.67
26.843333333333334
19.580000000000002
13.3
33.89
21.919999999999998
15.065
21.11666666666667
14.225
25.689999999999998
24.41
24.17
18.715000000000003
20.688
22.863333333333333
17.312
15.572
22.353333333333335
14.546666666666667
27.685
22.79
14.303333333333333
27.725
24.9
24.9
22.169999999999998
21.583333333333332
14.67
21.555
25.84
27.815
13.82
20.84
avg_neg_scores: 
17.764000000000003
0.41200000000000003
7.32
5.140000000000001
15.753333333333332
4.32
0.3333333333333333
5.9319999999999995
6.23
8.2125
16.310000000000002
2.654
3.1270000000000002
1.176
16.374000000000002
1.24
1.83
6.278
4.014
5.645999999999999
1.7079999999999997
1.4260000000000002
2.205
12.276
3.726666666666667
18.61
3.5766666666666667
1.4
2.5360000000000005
1.15
17.75
21.227999999999998
0.292
0.04
0.8828571428571429
10.262
2.1733333333333333
1.9599999999999997
1.292
3.108
2.92
27.69666666666667
3.52
0.15333333333333335
5.476
15.892000000000001
3.7079999999999997
10.940000000000001
2.434
2.71
1.8820000000000001
16.368
6.476000000000001
12.356
0.36
2.0860000000000003
0.21600000000000003
6.742
13.132
0.757
0.302
9.074
16.916
0.22799999999999998
13.663999999999998
2.25
15.426666666666668
2.466
4.8660000000000005
0.264
14.27
4.433333333333334
6.156666666666666
6.164000000000001
4.592
4.983333333333333
0.3933333333333333
20.233333333333334
5.9479999999999995
1.198
3.604
5.118
0.01
4.8660000000000005
1.8699999999999999
2.678
21.383333333333336
4.8660000000000005
9.332
3.6450000000000005
3.1633333333333336
0.04
1.77
8.373999999999999
1.44
19.290000000000003
3.435
1.7279999999999998
15.284
2.403333333333333
6.444
2.3333333333333335
12.931999999999999
4.912
0.9400000000000001
3.7749999999999995
9.794
24.08666666666667
4.3149999999999995
2.166
7.259
21.78
3.05
16.76
2.22
4.885
2.31
0.8274999999999999
4.3
3.765
3.85
9.995000000000001
22.8
1.89
0.315
2.17
2.1133333333333333
2.5
11.548
4.522
2.4539999999999997
2.768
12.77
16.702
1.6060000000000003
0.11000000000000001
0.136
0.842
27.616000000000003
0.4766666666666666
0.75
1.6633333333333333
5.434
0.28200000000000003
2.604
11.922
3.504
5.087142857142857
2.5700000000000003
4.08
1.5666666666666667
3.478
12.034
4.36
17.396666666666665
21.422
5.1000000000000005
10.991999999999999
1.3080000000000003
4.382
1.682
19.938
4.166
4.283333333333333
1.4525
2.12
5.037999999999999
4.806666666666667
14.894
9.08
12.985
3.8375000000000004
19.2425
4.97
16.3525
3.04
3.16
23.895000000000003
6.76
19.875
1.96
10.57
6.78
4.326666666666666
5.673333333333335
4.202
6.26
13.097999999999999
2.1683333333333334
4.24
0.148
1.14
3.074
0.23
2.168
4.56
18.894
21.8525
0.152
0.0033333333333333335
2.716
1.3510000000000002
1.55
3.4559999999999995
24.599999999999998
12.082
5.598
23.264
19.023333333333337
14.949000000000002
12.646666666666667
3.27
2.5775
0.465
0.6
2.388
4.8533333333333335
1.8449999999999998
0.5666666666666667
18.7425
24.817999999999998
3.78
3.782
5.6080000000000005
1.85
2.4766666666666666
4.048
29.916666666666668
19.061999999999998
0.268
0.5660000000000001
1.1233333333333333
26.026666666666667
18.546666666666667
28.455
1.33
8.122
3.7039999999999993
4.544
1.966
2.106
8.453333333333335
9.498000000000001
12.46
3.8633333333333333
0.6566666666666667
5.25
0.71
0.08333333333333333
5.6419999999999995
9.98
4.262
29.63
2.033333333333333
3.9033333333333338
3.2075
4.318
10.265
0.502
10.053333333333333
1.1019999999999999
3.1270000000000002
0.11333333333333334
9.114
1.91
6.808
0.146
0.21500000000000002
2.265
33.879999999999995
1.128
0.595
1.4780000000000002
14.076666666666668
9.706
28.97
4.803999999999999
8.574000000000002
1.8519999999999999
1.6975
9.435999999999998
1.7420000000000002
0.45
2.59
14.646666666666667
2.9899999999999998
5.692
1.8666666666666665
4.19
1.08
1.3059999999999998
0.3133333333333333
2.085
1.95
0.475
1.795
17.483333333333334
6.3
0.74
1.0875000000000001
1.44
2.016
2.9466666666666668
1.6
8.215
5.296
0.6333333333333333
2.275
26.945999999999998
20.082
13.797500000000001
1.73
23.04
11.94
8.114
4.903333333333333
2.9539999999999997
2.1420000000000003
0.518
1.7666666666666668
0.07
11.302
3.813333333333333
2.168
1.0979999999999999
26.299999999999997
7.655
16.0
0.36
0.7
4.036
22.766
7.086666666666667
1.3619999999999999
5.95
21.529999999999998
7.55
0.7200000000000001
16.993333333333336
4.8660000000000005
15.604
1.495
0.15
10.24
18.876666666666665
0.92
13.95
15.073333333333332
5.383333333333333
1.96
0.8459999999999999
26.349999999999998
7.905999999999999
12.294285714285712
2.676666666666667
1.082
2.928
1.816
16.610000000000003
7.424000000000001
9.47
4.738
2.996
4.976
1.75
0.42800000000000005
4.8660000000000005
15.81
9.498000000000001
10.156666666666666
19.366000000000003
23.893333333333334
31.343333333333334
4.738
1.966
13.559999999999999
9.353333333333333
4.704
8.474
0.26999999999999996
0.75
1.778
1.21
3.2419999999999995
0.2733333333333333
0.37666666666666665
5.295
4.26
2.5780000000000003
6.074
0.475
4.308
8.193999999999999
1.9425
0.124
0.29
1.61
0.41400000000000003
0.842
0.34
0.8960000000000001
1.864
17.26
2.9879999999999995
1.1059999999999999
2.52
2.607142857142857
3.393333333333333
0.13333333333333333
5.745
3.6980000000000004
1.975
1.6533333333333333
3.56
1.06
2.692857142857143
2.6999999999999997
6.283333333333334
0.5599999999999999
8.267999999999999
4.292
2.373333333333333
1.178
5.953333333333333
13.153333333333334
0.484
1.07
3.92
3.4299999999999997
8.14
5.134
2.484
0.016666666666666666
0.5439999999999999
3.06
2.766
2.1879999999999997
1.6880000000000002
3.72
2.206
1.7066666666666668
9.79
0.9266666666666666
3.1270000000000002
0.3499999999999999
0.4640000000000001
5.391428571428571
2.552
19.881999999999998
0.869
3.05
1.8866666666666667
1.2559999999999998
2.5780000000000003
7.38
6.136666666666667
5.574
6.418000000000001
2.948
0.36000000000000004
0.012
5.334
1.2840000000000003
6.502
4.156000000000001
0.16333333333333333
0.48
14.058000000000002
0.14333333333333334
13.78
0.023333333333333334
1.22
2.466
4.21
13.033333333333333
3.436666666666667
10.724
3.438
5.536666666666666
1.608
0.475
5.367999999999999
14.215
2.84
2.283333333333333
0.4625
0.296
3.9099999999999993
3.1580000000000004
3.87
4.307499999999999
1.5533333333333335
3.2100000000000004
7.81
1.534
0.0
0.0
0.0
0.0
0.0
0.0
0.0
0.0
0.0
0.0
0.0
0.0
0.0
0.0
0.0
0.0
0.0
0.0
0.0
0.0
0.0
0.0
0.0
0.0
0.0
0.0
0.0
0.0
0.0
0.0
0.0
0.0
0.0
0.0
0.0
0.0
0.0
0.0
0.0
0.0
0.0
0.0
0.0
0.0
0.0
0.0
0.0
0.0
0.0
0.0
0.0
0.0
0.0
0.0
0.0
0.0
0.0
0.0
0.0
