ini_pos_scores: 
30.0
21.22
22.44
30.85
16.1
22.01
17.34
23.36
19.16
26.85
19.82
25.41
19.09
14.14
27.27
16.73
24.84
24.05
27.92
24.18
28.37
22.37
13.52
17.55
28.44
17.53
19.5
24.24
26.69
23.95
31.14
34.13
23.39
18.78
26.48
16.16
19.78
33.4
18.3
24.53
25.49
8.28
13.63
30.0
22.86
13.74
26.3
17.5
17.52
17.69
25.11
0.34
26.1
19.91
27.11
24.67
21.24
30.41
31.89
25.5
11.69
24.72
17.38
23.76
17.89
14.73
26.94
14.71
25.57
15.55
13.15
25.39
5.27
23.81
24.38
17.57
16.81
29.79
21.06
24.65
30.86
35.53
23.45
23.24
25.84
25.31
22.83
31.18
20.11
24.96
1.73
27.08
40.18
18.4
21.21
22.06
25.31
34.46
7.99
33.02
24.92
25.27
29.63
19.17
23.55
26.35
14.78
15.55
29.19
19.98
16.81
20.03
12.86
26.87
24.41
24.17
18.17
22.18
24.8
18.84
15.8
21.83
12.93
27.49
22.45
14.24
24.59
18.89
21.13
25.11
22.67
14.67
19.66
25.84
21.28
13.82
20.84
0
ini_neg_scores: 
7.41
17.46
12.52
10.17
3.79
6.82
9.02
8.16
6.81
0.88
3.07
2.48
20.28
9.88
2.98
4.94
3.58
2.39
16.78
9.08
19.12
4.7
3.84
18.15
18.89
1.46
0.12
3.63
2.27
1.19
1.99
2.57
17.78
20.78
5.47
15.4
1.33
5.05
4.07
1.08
3.96
0.17
1.41
2.13
9.55
11.38
1.7
9.84
17.94
15.63
2.25
10.32
14.3
1.88
1.32
3.66
13.3
10.43
4.77
2.45
6.64
0.09
28.32
8.38
0.41
0.71
2.88
10.32
0.01
10.32
2.8
22.91
20.57
0.81
1.16
0.08
10.55
1.44
24.35
2.96
19.03
0.28
12.87
3.5
8.53
5.39
17.85
2.59
21.24
3.67
10.01
23.55
2.76
5.38
0.53
4.58
4.62
1.63
4.3
3.85
14.9
22.8
1.89
1.62
2.74
1.47
11.73
0.05
1.4
4.88
11.4
2.31
26.96
3.5
8.61
0.8
0.92
9.75
2.08
1.61
4.08
1.32
10.39
3.82
21.54
19.86
5.21
12.19
3.37
15.54
4.22
7.73
4.22
2.12
18.41
14.02
2.63
17.11
4.97
20.02
3.04
3.16
25.94
6.76
21.77
1.96
0.75
6.78
11.19
3.7
5.62
14.22
0.71
1.38
2.39
3.41
9.12
18.81
21.45
0.01
5.09
0.91
0.93
3.12
2.15
20.09
7.72
25.46
10.76
20.93
9.23
2.86
0.31
0.9
0.93
5.26
3.72
1.64
0.7
20.37
22.77
8.04
4.02
2.59
3.63
5.96
2.96
29.54
16.31
9.04
2.03
22.37
16.55
20.28
1.01
7.37
4.46
4.59
10.96
4.95
1.27
0.88
4.33
1.4
13.51
4.37
7.41
23.41
1.26
3.56
2.16
9.25
10.56
8.6
36.08
1.91
6.39
0.11
33.59
2.08
13.81
20.06
26.41
3.2
9.35
2.84
0.56
3.91
1.85
3.17
10.95
1.18
4.12
2.42
5.88
0.35
1.55
3.32
1.88
3.0
15.39
3.27
0.41
4.31
2.39
0.99
12.21
6.48
3.16
12.12
20.29
11.48
20.68
2.04
11.94
13.7
4.17
1.9
0.82
11.15
2.36
26.79
15.32
3.56
0.36
0.7
18.79
4.5
1.0
6.84
19.63
15.1
1.15
21.49
10.32
9.2
2.23
12.2
19.14
14.15
17.97
4.12
1.96
27.31
16.05
15.51
2.36
9.04
19.34
1.16
9.04
4.19
2.14
3.7
2.58
10.32
24.85
13.11
20.81
30.37
34.54
9.04
3.15
5.7
7.12
2.53
16.83
0.69
1.01
1.93
2.13
0.22
8.69
5.89
6.4
4.83
3.77
14.78
1.77
0.59
0.53
1.15
16.66
2.34
3.57
2.72
9.69
6.46
2.31
0.11
1.7
5.86
10.47
7.94
2.3
12.96
1.07
1.21
1.57
8.14
0.02
1.18
4.52
3.6
4.74
1.74
5.25
7.41
0.35
9.72
0.05
17.59
1.4
4.56
0.02
2.01
1.0
4.83
6.91
6.44
0.75
5.98
6.41
20.76
13.78
1.22
6.47
5.27
0.64
11.39
4.94
6.21
6.39
4.78
2.84
2.33
1.1
1.42
3.87
9.54
1.91
0
0
0
0
0
0
0
0
0
0
0
0
0
0
0
0
0
0
0
0
0
0
0
0
0
0
0
0
0
0
0
0
0
0
0
0
0
0
0
0
0
0
0
0
0
0
0
0
0
0
0
0
0
0
0
0
0
0
0
0
0
0
0
0
0
0
0
0
0
0
0
0
0
0
0
0
0
0
0
0
0
0
0
0
0
0
0
0
0
0
0
0
0
0
0
0
0
0
0
0
0
0
0
0
0
0
0
0
0
0
0
0
0
0
0
0
0
0
0
0
0
0
0
0
0
0
0
0
0
0
0
0
0
0
0
0
0
0
0
0
0
0
0
0
0
0
0
0
0
0
0
0
0
0
0
0
0
0
0
0
0
0
0
0
0
0
0
0
0
0
0
0
0
