avg_pos_scores: 
20.266
24.78
18.01666666666667
15.25
15.974
24.648000000000003
23.376666666666665
22.776666666666667
28.35666666666667
14.697500000000002
30.935000000000002
19.936666666666667
25.766666666666666
15.453333333333333
33.452
10.423
15.063333333333333
25.071999999999996
11.479999999999999
14.931999999999999
22.564999999999998
17.849999999999998
29.679999999999996
15.216666666666669
27.599999999999998
6.375
19.733333333333334
21.0775
16.10333333333333
15.583333333333334
27.542
14.928
29.644
25.722
16.490000000000002
23.46
23.46
14.266666666666666
16.954
27.69666666666667
17.316
22.186666666666667
18.584
13.228
10.504000000000001
29.953999999999997
10.167142857142858
19.8325
16.49
24.4375
26.399999999999995
25.786666666666665
19.594
24.990000000000002
17.114
16.424
6.742
19.339999999999996
20.394
17.627999999999997
30.427999999999997
16.669999999999998
19.844
20.668
14.084000000000003
9.176
17.377999999999997
19.831666666666667
19.831666666666667
27.066666666666663
20.63333333333333
6.56
29.34
20.784
20.912857142857145
20.912857142857145
11.910000000000002
24.14333333333333
28.362000000000002
23.824
34.17
11.701249999999998
21.750000000000004
8.825
11.36
22.83666666666667
21.060000000000002
23.523999999999997
24.876666666666665
27.05333333333333
29.096666666666664
25.043333333333333
25.778
25.88
11.524999999999999
12.716666666666669
18.84
27.74
21.935000000000002
27.346666666666664
27.346666666666664
21.78
16.176000000000002
23.24
18.663333333333334
18.663333333333334
30.844
30.844
21.840000000000003
23.090000000000003
24.854
10.760000000000002
20.881999999999998
17.936
24.354
31.562857142857144
31.562857142857144
14.018000000000004
15.882000000000001
17.849999999999998
0.17
13.24
23.146666666666665
21.941999999999997
12.654
26.13333333333333
16.333333333333332
27.622000000000003
14.913999999999998
18.0
19.296666666666667
16.720000000000002
27.762
7.736666666666667
17.115000000000002
15.99
19.49
7.55
16.7
22.266
15.95
18.77
30.19666666666667
19.096
19.929999999999996
30.444
20.362000000000002
28.343333333333334
16.426000000000002
18.726000000000003
14.643333333333333
25.403999999999996
27.244
27.746666666666666
23.240000000000002
24.022
32.20333333333333
12.894
20.496666666666666
25.28
19.092000000000006
16.488
27.972
24.478
24.185000000000002
18.514000000000003
22.816
9.278
29.873333333333335
15.418000000000001
13.170000000000002
15.658000000000001
21.006
9.200000000000001
4.526999999999999
0.9550000000000001
19.36
22.948
18.4
27.965
24.333333333333332
16.162
19.243333333333336
17.25
22.684
17.854
20.520000000000003
25.05666666666667
18.94666666666667
27.9
27.9
31.4
15.055
23.669999999999998
27.684000000000005
28.959999999999997
27.46666666666667
31.040000000000003
19.68
30.28
25.304
28.879999999999995
15.866
9.048
4.828
23.545
19.316
19.316666666666666
14.676666666666668
23.145999999999997
19.716
20.552000000000003
18.886666666666667
12.056666666666667
25.513333333333332
10.25
27.11
16.83
19.25
21.0875
27.41
19.003333333333334
10.120000000000001
19.16
13.316666666666668
17.656666666666666
21.776666666666667
6.6433333333333335
8.674
16.612000000000002
20.616
31.390000000000004
16.778333333333332
22.97666666666667
22.97666666666667
21.955999999999996
27.23
27.23
24.054
16.46
16.056
14.468
15.806666666666667
9.910000000000002
30.77333333333333
32.61
25.936666666666667
22.14
6.826666666666667
10.112
14.87
29.737499999999997
8.4875
31.168
20.325000000000003
1.3960000000000001
11.06
12.89333333333333
24.724
0.0
avg_neg_scores: 
7.3950000000000005
1.884
1.5439999999999998
3.3966666666666665
7.896666666666666
0.69
6.9
2.4924999999999997
10.683333333333332
7.1659999999999995
1.78
0.36000000000000004
22.30666666666667
7.25
1.04
17.178
2.72
14.720000000000002
3.7980000000000005
25.895999999999997
5.7700000000000005
2.946
9.37
3.7060000000000004
0.91
1.2066666666666668
1.3325
3.345
1.1133333333333333
5.1659999999999995
6.659000000000001
0.09999999999999999
6.414
12.229999999999999
1.5066666666666666
3.7159999999999997
0.32799999999999996
2.4075
2.79
8.758333333333335
4.512
2.3533333333333335
0.312
2.57
16.756666666666668
3.964
3.4619999999999997
2.2039999999999997
3.35
1.054
26.016666666666666
1.04
2.196
5.2780000000000005
1.32
2.166
5.319999999999999
3.556
2.8920000000000003
24.892000000000003
5.538
7.3260000000000005
16.445
0.89
21.033333333333335
25.49
10.216
2.89
4.53
5.996666666666667
2.04
2.07
9.686666666666667
4.6000000000000005
4.383333333333334
2.706
24.058
17.506
1.0539999999999998
6.4366666666666665
0.526
19.213333333333335
4.534000000000001
3.0933333333333333
0.8085714285714286
8.29
0.65
1.19
7.623333333333332
2.6849999999999996
2.9766666666666666
12.794
7.3
22.11
2.5160000000000005
12.994
1.8780000000000001
3.758
22.676666666666666
13.026666666666669
0.42500000000000004
7.254
2.86
1.34
2.69
11.99
15.03
16.935
0.845
7.46
1.93
6.790000000000001
4.31
0.64
10.24
2.065
2.485
0.19
1.7533333333333332
2.4179999999999997
0.10333333333333333
19.956666666666667
2.448
3.082
9.411999999999999
10.135
0.04
7.9140000000000015
6.598000000000001
6.8759999999999994
4.061999999999999
1.225
0.6900000000000001
0.6
6.01
2.1100000000000003
4.836666666666667
1.9739999999999998
22.883999999999997
0.8
19.524
3.438
2.1439999999999997
3.3366666666666664
6.989999999999999
12.61
0.554
1.4066666666666665
18.078
1.886
12.828
4.81
0.156
2.0119999999999996
7.0280000000000005
5.7299999999999995
4.745
10.265
22.926666666666666
0.175
3.6475
1.26
1.9725
0.13333333333333333
2.51
1.525
3.29
3.62
19.0
16.692
11.440000000000001
2.3649999999999998
19.2
24.179999999999996
3.9240000000000004
3.27
4.7780000000000005
12.828
29.5
2.73
14.520000000000001
7.609999999999999
24.284
10.783333333333333
3.004
6.539999999999999
24.49
1.74
6.55
10.29
6.246666666666667
3.6079999999999997
1.9300000000000002
22.241999999999997
5.184
1.008
9.11
15.403333333333334
16.47
0.676
19.32
3.3480000000000003
1.5100000000000002
2.96
17.5675
2.2800000000000002
1.7899999999999998
4.683333333333334
0.178
17.696
4.7700000000000005
3.098
1.3199999999999998
1.05
7.523999999999999
28.856666666666666
6.316
10.09
15.824000000000002
5.1883333333333335
2.0919999999999996
5.258
4.672
2.023333333333333
1.6059999999999999
14.482
22.334000000000003
3.092
12.803999999999998
1.8533333333333335
26.689999999999998
4.093999999999999
22.79
3.65
3.558
4.8500000000000005
0.092
1.544
0.905
1.028
8.618
0.724
20.756666666666668
9.118
5.9959999999999996
2.793333333333333
9.81
0.605
5.73
5.243333333333333
27.221999999999998
20.869999999999997
7.55
2.7366666666666664
2.208
2.394
0.49799999999999994
20.349999999999998
1.763333333333333
14.296666666666667
2.2699999999999996
7.052
9.613333333333332
1.146
0.20600000000000002
2.0966666666666667
7.168000000000001
3.9
21.72666666666667
1.02
11.136666666666668
1.886
4.612
3.2866666666666666
3.1933333333333334
11.66
15.393333333333336
0.754
4.21
1.7233333333333334
4.546666666666666
23.439999999999998
4.010000000000001
0.97
0.7833333333333333
10.303999999999998
0.9500000000000001
2.756
4.248
4.983333333333333
1.645
1.802
0.16666666666666666
4.058
2.0260000000000002
1.3960000000000001
2.052
0.02
7.52
7.915
0.495
5.305999999999999
1.14
0.8799999999999999
5.0
23.914
0.9960000000000001
0.9066666666666667
3.15
1.074
7.475999999999999
1.108
6.27
1.88
8.07
19.4
5.52
3.0
10.72
20.038000000000004
0.868
15.073333333333332
7.52
7.875
1.3666666666666665
0.9399999999999998
11.556666666666667
1.1320000000000001
0.05600000000000001
2.21
1.25
3.3939999999999997
20.416666666666668
1.654
2.916
0.062
0.976
20.203333333333333
5.67
12.02
4.19
17.47
16.51
24.444
0.7379999999999999
14.006666666666666
3.0766666666666667
1.6079999999999999
0.7966666666666667
13.074000000000002
17.876666666666665
0.024
0.9699999999999999
10.513333333333334
3.1179999999999994
3.444
24.974
3.8259999999999996
11.638
4.742
0.9039999999999999
28.088
2.152
3.13
0.11666666666666665
16.432
0.8619999999999999
1.7979999999999996
9.368
4.464
0.1325
0.06
0.506
4.88
3.3560000000000003
2.3619999999999997
0.8033333333333333
1.92
1.634
3.7439999999999998
4.992
5.963333333333334
2.19
1.6633333333333333
0.40800000000000003
4.596
4.92
1.3233333333333335
18.62
3.508
0.9339999999999999
0.9199999999999999
13.495000000000001
1.64
3.512857142857143
6.015000000000001
3.632
1.138
10.14
29.08
3.08
0.785
22.16
2.5
3.008
0.038
2.3040000000000003
5.593333333333334
0.7433333333333333
11.335
3.9233333333333333
0.5544444444444445
1.2166666666666666
4.025
5.202
4.576666666666667
1.796
6.78
3.3940000000000006
0.236
0.555
4.554
0.8230000000000001
16.632
6.096
1.6400000000000001
1.9900000000000002
0.6759999999999999
2.6300000000000003
2.3757142857142854
4.892
3.6060000000000003
0.648
0.8175
3.456666666666667
2.034
5.004
3.6719999999999997
1.558
0.618
0.18333333333333335
0.06333333333333334
2.62
0.576
0.404
15.616666666666667
3.1
1.216
1.45
0.9033333333333333
1.7466666666666668
2.088
1.5219999999999998
20.54
2.246
3.0475
1.9000000000000004
2.35
3.29
7.7
6.39
5.252000000000001
6.104
2.992
0.27599999999999997
4.8
1.136
9.946666666666667
2.9
0.9724999999999999
0.9733333333333333
11.93
3.226
2.8800000000000003
3.0
1.048
18.87333333333333
1.05
4.601999999999999
0.3666666666666667
0.16
6.036
1.6379999999999995
0.0
0.0
0.0
0.0
0.0
0.0
0.0
0.0
0.0
0.0
0.0
0.0
0.0
0.0
0.0
0.0
0.0
0.0
0.0
0.0
0.0
0.0
0.0
0.0
0.0
0.0
0.0
0.0
0.0
0.0
0.0
0.0
0.0
0.0
0.0
0.0
0.0
0.0
0.0
0.0
0.0
0.0
0.0
0.0
0.0
0.0
0.0
0.0
0.0
0.0
0.0
0.0
0.0
0.0
0.0
0.0
0.0
0.0
0.0
0.0
