ini_pos_scores: 
21.44
20.98
22.94
18.86
26.49
37.05
24.76
22.48
26.64
17.92
29.91
21.73
29.49
26.73
34.36
21.46
15.92
25.01
21.08
16.68
21.95
18.67
32.33
15.75
29.31
12.75
20.32
20.0
13.53
15.67
27.38
11.98
27.37
26.19
19.1
21.6
21.6
16.3
27.87
27.64
17.58
18.64
22.31
18.57
17.32
29.09
25.11
25.68
16.15
30.75
25.18
22.05
32.23
23.75
17.81
16.03
9.55
20.38
19.95
19.67
30.89
28.97
21.32
21.16
11.49
10.65
20.36
19.02
19.02
28.41
23.39
21.94
29.34
25.49
22.57
22.57
10.84
22.29
26.39
22.38
35.17
17.99
23.21
10.34
11.36
24.84
21.01
23.8
27.12
28.52
31.84
27.75
27.95
23.76
9.87
21.12
18.84
27.74
22.76
22.27
22.27
23.38
15.89
22.47
13.75
13.75
33.03
33.03
20.05
24.18
23.41
13.71
24.2
23.97
26.63
33.92
33.92
23.71
15.99
18.32
0.51
11.32
27.93
22.58
13.09
22.28
15.05
29.54
28.53
18.0
23.82
13.74
26.42
7.69
23.1
15.99
19.49
13.66
16.7
25.41
31.83
32.66
32.66
21.64
19.4
34.04
21.57
29.38
17.08
21.95
14.27
28.22
27.09
28.04
23.66
26.79
31.9
17.1
24.81
32.07
20.51
27.58
25.44
21.78
27.47
28.85
24.61
25.37
27.19
29.31
16.68
15.06
18.19
5.45
21.0
25.31
24.29
26.96
23.3
25.08
20.22
16.24
18.36
17.93
20.64
28.33
18.79
27.14
27.14
29.84
16.69
21.8
33.33
31.95
27.76
31.09
34.87
32.02
26.6
33.23
12.7
24.14
24.14
24.78
23.14
18.84
13.53
22.88
26.3
22.71
21.05
13.22
28.39
10.58
26.1
16.83
19.25
18.76
26.64
22.12
14.71
19.28
11.58
20.09
24.09
14.13
8.31
26.53
19.06
27.21
27.14
20.57
20.57
17.1
25.97
25.97
27.33
15.29
23.03
25.35
20.84
19.1
32.72
33.68
24.33
22.14
22.93
8.35
14.71
33.11
11.66
31.73
18.46
0.11
11.06
17.34
22.41
0
0
0
ini_neg_scores: 
7.2
1.76
0.66
2.13
11.74
5.49
3.67
6.0
10.22
3.35
28.2
7.25
2.6
21.68
3.15
26.91
1.31
0.17
9.37
1.82
3.02
6.69
6.17
5.89
0.3
6.22
5.69
1.17
1.8
5.31
11.31
7.89
2.86
1.14
16.4
5.82
2.22
0.74
3.35
0.13
25.47
3.57
0.56
2.96
20.73
0.29
6.36
32.89
22.2
27.92
11.32
2.89
4.53
17.98
9.67
4.6
4.14
2.17
21.09
17.79
0.29
1.42
16.99
8.4
3.59
0.22
4.99
0.65
1.19
10.11
2.34
3.53
19.47
17.04
19.02
0.35
15.9
0.35
2.89
24.8
14.63
0.3
7.31
1.34
5.38
11.99
10.97
19.63
1.42
7.46
1.93
8.97
3.7
7.5
1.1
4.97
0.19
1.6
2.51
0.31
4.08
1.94
0.52
8.68
8.39
6.55
5.68
3.53
0.16
1.2
8.39
3.62
4.89
18.88
6.65
4.63
2.05
12.96
2.96
0.26
4.22
17.23
2.86
14.77
4.22
6.28
3.8
8.68
16.33
1.96
2.86
7.05
0.4
4.21
6.1
3.29
16.21
19.0
12.3
2.78
17.14
26.33
1.66
6.54
0.52
8.39
27.59
17.22
8.53
5.52
18.42
4.2
5.06
24.54
5.22
12.14
9.21
7.52
3.81
27.24
1.41
0.43
23.74
4.26
24.79
2.79
18.3
1.92
22.77
1.33
0.89
30.47
0.61
2.01
6.67
29.74
13.26
13.87
10.53
4.38
10.31
1.11
7.65
21.66
31.17
15.46
13.68
10.69
1.05
0.48
3.69
4.61
1.5
16.09
19.64
20.77
10.1
4.96
6.07
27.03
19.34
9.54
2.27
4.13
2.46
18.83
3.01
16.54
2.71
7.98
2.22
0.57
5.42
7.85
1.02
32.77
1.94
4.91
5.88
6.03
3.57
19.66
4.44
1.08
5.46
23.68
1.04
2.11
11.52
3.64
8.44
0.71
3.09
2.21
0.11
0.89
7.52
7.86
11.7
2.32
5.0
10.67
2.43
6.4
2.34
0.98
6.8
1.88
11.01
19.4
5.52
2.3
14.85
0.14
14.34
7.55
2.37
10.5
0.39
2.21
2.31
6.33
4.72
22.39
0.79
0.31
0.37
21.44
5.84
4.19
17.29
16.51
28.52
0.34
14.85
3.07
9.88
2.39
17.86
0.06
6.9
3.19
3.9
21.43
3.45
19.77
6.74
2.0
28.7
2.4
4.64
18.17
1.66
2.74
9.64
9.6
0.71
0.12
4.16
4.37
4.16
3.3
4.38
3.48
2.83
3.87
1.37
0.18
1.32
3.49
4.35
5.58
7.42
3.19
2.2
3.53
29.08
3.08
0.76
0.66
6.03
1.6
4.94
0.5
5.96
3.07
0.31
0.58
4.14
5.89
6.78
5.47
5.71
0.48
14.42
4.03
2.18
2.73
3.38
2.07
3.04
7.42
3.27
4.84
2.71
1.27
1.98
0.42
4.61
16.17
3.9
1.45
0.11
3.14
0.9
2.14
19.39
3.44
2.61
2.47
3.29
12.05
6.39
4.24
4.22
1.8
7.72
0.65
19.25
2.59
10.72
6.88
6.12
8.65
1.19
2.98
0.53
1.39
0
0
0
0
0
0
0
0
0
0
0
0
0
0
0
0
0
0
0
0
0
0
0
0
0
0
0
0
0
0
0
0
0
0
0
0
0
0
0
0
0
0
0
0
0
0
0
0
0
0
0
0
0
0
0
0
0
0
0
0
0
0
0
0
0
0
0
0
0
0
0
0
0
0
0
0
0
0
0
0
0
0
0
0
0
0
0
0
0
0
0
0
0
0
0
0
0
0
0
0
0
0
0
0
0
0
0
0
0
0
0
0
0
0
0
0
0
0
0
0
0
0
0
0
0
0
0
0
0
0
0
0
0
0
0
0
0
0
0
0
0
0
0
0
0
0
0
0
0
0
0
0
0
0
0
0
0
0
0
0
0
0
0
0
0
